	2
4
7
2	1
4
7	4
7	1
5
8
1
1	2
6
1
1
1	2
1
1
1	3
1
3
1
1	2
1
4
4	1
10
2
7	7
12	2
7
3
3
2	12
2
3
1	1
9
3	2
1
1
1
4
1
1	3
1
5
2	8
6
3	10
2
3	2
3
5
1
2
2	1
6
3
3
5	1
2
5
7
3	2
6
1
1
5	4
1
1
3
2
5	3
2
3
5	2
3
6
2
1	3
1
5
1	16
4
1
2	3
11
11	24	5
6
1
4	3
6
3
 2  5  2  8 																														
 1  4  1  1  7 																														
 1  2  3 																														
 2  2  1  2 																														
 2  2  2  1  1 																														
 5  3  4  1 																														
 5  2  2  5  3 																														
 5  9  1  5 																														
 3  1  1  1  3  3  1  2  5 																														
 11  9 																														
 1  5  3  4 																														
 1  5  2  1  1  6 																														
 3  9  2  1  5 																														
 4  8  4  8 																														
 4  6  1  12 																														
 4  3  1  13 																														
 4  1  2  1  5 																														
 3  1  4  3  3 																														
 3  13  4 																														
 1  12  1  2 																														
 2  3  3  1  3 																														
 1  2  2  3 																														
 2  1  1  4 																														
 4  5  5 																														
 9  9 																														
 3  1  1  5  4 																														
 1  1  5  8  3 																														
 1  3  8  2 																														
 3  3  1  1  3 																														
 4  3  1  1  1  1 																														